> # Ian's addition to view output
> # patterns
> patternV
[[1]]
[1]  2  3  5  8 10

[[2]]
[1] 1 2 3 4 5 6 7

[[3]]
[1]  1  2  4  9 10

[[4]]
[1]  1  2  3  5  6  8 10

[[5]]
[1] 1 2 3 4 6 7

[[6]]
[1]  2  3  4  5  6  7  8  9 10

[[7]]
 [1]  1  2  3  4  5  6  7  8  9 10

[[8]]
[1]  3  4  5  6  7  8  9 10


> # pattern prevalences
> lambda
[1] 0.2 0.2 0.1 0.1 0.1 0.1 0.1 0.1

> # treatment effects
> phi_1.2
 [1] -0.0015835189 -0.0013578469 -0.0011651504 -0.0009957323 -0.0008435405 -0.0007045353 -0.0005758784 -0.0004554928
 [9] -0.0003418058 -0.0002335922

> # p(y|row=pattern, col=treatment) 
> res_rate_mat
           [,1]       [,2]      [,3]       [,4]       [,5]       [,6]      [,7]       [,8]       [,9]      [,10]
[1,] 0.35085362 0.35090502 0.3509489 0.35098750 0.35102217 0.35105384 0.3510831 0.35111057 0.35113647 0.35116113
[2,] 0.71967609 0.71972161 0.7197605 0.71979465 0.71982535 0.71985338 0.7198793 0.71990360 0.71992652 0.71994834
[3,] 0.47803060 0.47808691 0.4781350 0.47817726 0.47821524 0.47824992 0.4782820 0.47831207 0.47834043 0.47836744
[4,] 0.25250571 0.25254831 0.2525847 0.25261667 0.25264541 0.25267165 0.2526959 0.25271868 0.25274015 0.25276059
[5,] 0.19080734 0.19084219 0.1908719 0.19089811 0.19092162 0.19094310 0.1909630 0.19098157 0.19099914 0.19101586
[6,] 0.14529266 0.14532069 0.1453446 0.14536567 0.14538458 0.14540185 0.1454178 0.14543280 0.14544693 0.14546038
[7,] 0.11033239 0.11035455 0.1103735 0.11039010 0.11040505 0.11041870 0.1104313 0.11044317 0.11045434 0.11046497
[8,] 0.08263678 0.08265389 0.0826685 0.08268135 0.08269289 0.08270344 0.0827132 0.08272233 0.08273096 0.08273917

> # overall PMs
> scenario_out$estimand2 
          mortality_gain better_treatment_I best_treatment_I nearbest_treatment_5 nearbest_treatment_10
method_A   -8.784753e-08             0.5134           0.1622                    1                     1
method_B1  -3.388524e-05             0.6554           0.4186                    1                     1
method_B2  -2.964055e-05             0.6174           0.4684                    1                     1
method_B3  -3.163493e-05             0.6294           0.4690                    1                     1
method_C    9.075520e-06             0.4298           0.1358                    1                     1
method_D    1.178485e-05             0.4116           0.1388                    1                     1

> scenario_out$estimand2_MCSE
              Mortaliy better_treatment_I best_treatment_I nearbest_treatment_5 nearbest_treatment_10
method_A  1.300554e-06         0.02235265       0.01648582                    0                     0
method_B1 1.621348e-06         0.02125327       0.02206237                    0                     0
method_B2 2.193076e-06         0.02173556       0.02231598                    0                     0
method_B3 2.307966e-06         0.02159887       0.02231766                    0                     0
method_C  2.109473e-06         0.02213919       0.01532047                    0                     0
method_D  2.234426e-06         0.02200843       0.01546186                    0                     0

> # PMs by pattern
> scenario_out$ex_performance_out
$mortality_gain
                   [,1]          [,2]          [,3]          [,4]          [,5]          [,6]          [,7]
method_A   2.595040e-06  5.002845e-06 -4.146261e-06  1.483094e-06  8.303570e-07 -8.707028e-07 -9.032495e-06
method_B1 -4.008519e-05 -4.658297e-05 -6.555746e-05 -3.710418e-05 -2.856080e-05 -1.556448e-05 -9.032495e-06
method_B2 -3.986571e-05 -3.623039e-05 -3.879853e-05 -2.690784e-05 -2.507555e-05 -2.369056e-05 -2.039223e-05
method_B3 -3.984098e-05 -3.381244e-05 -4.229716e-05 -4.248683e-05 -2.258829e-05 -2.445743e-05 -2.414889e-05
method_C   1.051166e-05  8.794951e-06  1.339825e-05  8.012861e-06  6.594644e-06  1.087646e-05  9.962502e-06
method_D   1.558868e-05  6.613724e-06  2.384408e-05  1.168326e-05  5.438267e-06  1.498529e-05  1.198004e-05
                   [,8]
method_A  -4.338237e-06
method_B1 -9.696693e-06
method_B2 -9.348548e-06
method_B3 -1.306390e-05
method_C   3.297250e-06
method_D   5.512695e-06

$better_treatment_I
           [,1]  [,2]  [,3]  [,4]  [,5]  [,6]  [,7]  [,8]
method_A  0.596 0.384 0.618 0.420 0.512 0.462 0.584 0.578
method_B1 0.728 0.650 0.756 0.600 0.668 0.554 0.584 0.636
method_B2 0.700 0.600 0.650 0.530 0.652 0.578 0.592 0.572
method_B3 0.708 0.578 0.674 0.598 0.608 0.580 0.626 0.636
method_C  0.558 0.360 0.554 0.370 0.432 0.318 0.366 0.422
method_D  0.524 0.378 0.490 0.362 0.440 0.286 0.344 0.390

$best_treatment_I
           [,1]  [,2]  [,3]  [,4]  [,5]  [,6]  [,7]  [,8]
method_A  0.192 0.124 0.192 0.130 0.156 0.136 0.178 0.198
method_B1 0.460 0.528 0.490 0.390 0.476 0.320 0.178 0.356
method_B2 0.494 0.480 0.466 0.446 0.478 0.462 0.446 0.438
method_B3 0.484 0.460 0.466 0.482 0.466 0.462 0.460 0.466
method_C  0.176 0.150 0.184 0.154 0.160 0.050 0.078 0.080
method_D  0.166 0.156 0.190 0.148 0.180 0.052 0.094 0.080

$nearbest_treatment_5
          [,1] [,2] [,3] [,4] [,5] [,6] [,7] [,8]
method_A     1    1    1    1    1    1    1    1
method_B1    1    1    1    1    1    1    1    1
method_B2    1    1    1    1    1    1    1    1
method_B3    1    1    1    1    1    1    1    1
method_C     1    1    1    1    1    1    1    1
method_D     1    1    1    1    1    1    1    1

$nearbest_treatment_10
          [,1] [,2] [,3] [,4] [,5] [,6] [,7] [,8]
method_A     1    1    1    1    1    1    1    1
method_B1    1    1    1    1    1    1    1    1
method_B2    1    1    1    1    1    1    1    1
method_B3    1    1    1    1    1    1    1    1
method_C     1    1    1    1    1    1    1    1
method_D     1    1    1    1    1    1    1    1

