RESULTS FROM S1_2I.R WITH FIRTH FOR METHODS A-C AND PSI INCREASING

> # Ian's addition to view output
> # patterns
> patternV
[[1]]
[1]  2  3  5  8 10

[[2]]
[1] 1 2 3 4 5 6 7

[[3]]
[1]  1  2  4  9 10

[[4]]
[1]  1  2  3  5  6  8 10

[[5]]
[1] 1 2 3 4 6 7

[[6]]
[1]  2  3  4  5  6  7  8  9 10

[[7]]
 [1]  1  2  3  4  5  6  7  8  9 10

[[8]]
[1]  3  4  5  6  7  8  9 10


> # pattern prevalences
> lambda
[1] 0.2 0.2 0.1 0.1 0.1 0.1 0.1 0.1

> # treatment effects
> phi_1.2
 [1] -0.0015835189 -0.0013578469 -0.0011651504 -0.0009957323 -0.0008435405 -0.0007045353 -0.0005758784
 [8] -0.0004554928 -0.0003418058 -0.0002335922

> # p(y|row=pattern, col=treatment) 
> res_rate_mat
           [,1]       [,2]      [,3]       [,4]       [,5]       [,6]      [,7]       [,8]       [,9]
[1,] 0.35085362 0.35090502 0.3509489 0.35098750 0.35102217 0.35105384 0.3510831 0.35111057 0.35113647
[2,] 0.71967609 0.71972161 0.7197605 0.71979465 0.71982535 0.71985338 0.7198793 0.71990360 0.71992652
[3,] 0.47803060 0.47808691 0.4781350 0.47817726 0.47821524 0.47824992 0.4782820 0.47831207 0.47834043
[4,] 0.25250571 0.25254831 0.2525847 0.25261667 0.25264541 0.25267165 0.2526959 0.25271868 0.25274015
[5,] 0.19080734 0.19084219 0.1908719 0.19089811 0.19092162 0.19094310 0.1909630 0.19098157 0.19099914
[6,] 0.14529266 0.14532069 0.1453446 0.14536567 0.14538458 0.14540185 0.1454178 0.14543280 0.14544693
[7,] 0.11033239 0.11035455 0.1103735 0.11039010 0.11040505 0.11041870 0.1104313 0.11044317 0.11045434
[8,] 0.08263678 0.08265389 0.0826685 0.08268135 0.08269289 0.08270344 0.0827132 0.08272233 0.08273096
          [,10]
[1,] 0.35116113
[2,] 0.71994834
[3,] 0.47836744
[4,] 0.25276059
[5,] 0.19101586
[6,] 0.14546038
[7,] 0.11046497
[8,] 0.08273917

> # overall PMs
> scenario_out$estimand2 
          mortality_gain better_treatment_I best_treatment_I nearbest_treatment_5 nearbest_treatment_10
method_A    1.917854e-07             0.5066           0.1489                    1                     1
method_B1  -3.099612e-07             0.5063           0.1534                    1                     1
method_B2   1.177991e-05             0.4238           0.1181                    1                     1
method_B3   6.344791e-06             0.4464           0.1445                    1                     1
method_C    1.101150e-06             0.4925           0.1554                    1                     1
method_D    1.015341e-05             0.4238           0.1365                    1                     1

> scenario_out$estimand2_MCSE
              Mortaliy better_treatment_I best_treatment_I nearbest_treatment_5 nearbest_treatment_10
method_A  9.386770e-07         0.01581001       0.01125739                    0                     0
method_B1 1.077398e-06         0.01581013       0.01139598                    0                     0
method_B2 1.335540e-06         0.01562669       0.01020551                    0                     0
method_B3 1.446333e-06         0.01572027       0.01111844                    0                     0
method_C  9.514917e-07         0.01580961       0.01145648                    0                     0
method_D  1.540748e-06         0.01562669       0.01085669                    0                     0

> # Better treatment by pattern
> scenario_out$ex_performance_out$better_treatment_I
           [,1]  [,2]  [,3]  [,4]  [,5]  [,6]  [,7]  [,8]
method_A  0.578 0.446 0.615 0.413 0.516 0.477 0.499 0.498
method_B1 0.583 0.435 0.625 0.426 0.505 0.452 0.499 0.520
method_B2 0.559 0.387 0.501 0.311 0.483 0.326 0.348 0.377
method_B3 0.563 0.385 0.575 0.380 0.461 0.339 0.383 0.430
method_C  0.582 0.392 0.605 0.423 0.508 0.450 0.483 0.508
method_D  0.533 0.388 0.507 0.371 0.461 0.315 0.366 0.376

> round(sqrt(scenario_out$ex_performance_out$better_treatment_I*(1-scenario_out$ex_performance_out$better_treatment_I)/Nreps),4)
            [,1]   [,2]   [,3]   [,4]   [,5]   [,6]   [,7]   [,8]
method_A  0.0156 0.0157 0.0154 0.0156 0.0158 0.0158 0.0158 0.0158
method_B1 0.0156 0.0157 0.0153 0.0156 0.0158 0.0157 0.0158 0.0158
method_B2 0.0157 0.0154 0.0158 0.0146 0.0158 0.0148 0.0151 0.0153
method_B3 0.0157 0.0154 0.0156 0.0153 0.0158 0.0150 0.0154 0.0157
method_C  0.0156 0.0154 0.0155 0.0156 0.0158 0.0157 0.0158 0.0158
method_D  0.0158 0.0154 0.0158 0.0153 0.0158 0.0147 0.0152 0.0153

> # Best treatment by pattern
> scenario_out$ex_performance_out$best_treatment_I
           [,1]  [,2]  [,3]  [,4]  [,5]  [,6]  [,7]  [,8]
method_A  0.163 0.147 0.208 0.133 0.185 0.129 0.085 0.129
method_B1 0.184 0.146 0.209 0.134 0.186 0.127 0.085 0.133
method_B2 0.170 0.125 0.158 0.079 0.160 0.070 0.050 0.074
method_B3 0.176 0.160 0.199 0.164 0.175 0.069 0.082 0.084
method_C  0.198 0.151 0.201 0.131 0.188 0.108 0.098 0.130
method_D  0.171 0.155 0.168 0.143 0.173 0.069 0.077 0.083

> round(sqrt(scenario_out$ex_performance_out$best_treatment_I*(1-scenario_out$ex_performance_out$best_treatment_I)/Nreps),4)
            [,1]   [,2]   [,3]   [,4]   [,5]   [,6]   [,7]   [,8]
method_A  0.0117 0.0112 0.0128 0.0107 0.0123 0.0106 0.0088 0.0106
method_B1 0.0123 0.0112 0.0129 0.0108 0.0123 0.0105 0.0088 0.0107
method_B2 0.0119 0.0105 0.0115 0.0085 0.0116 0.0081 0.0069 0.0083
method_B3 0.0120 0.0116 0.0126 0.0117 0.0120 0.0080 0.0087 0.0088
method_C  0.0126 0.0113 0.0127 0.0107 0.0124 0.0098 0.0094 0.0106
method_D  0.0119 0.0114 0.0118 0.0111 0.0120 0.0080 0.0084 0.0087
> 